1;89.5465;101.5645;-25
10;89.5465;58.5642;0
11;32.1231;32.1231;1
12;32.1123;32.1231;0
13;32.1000;32.1231;0
14;32.1000;32.1230;0
15;-79.9710;39.6459;3
16;-79.9710;39.6458;0
17;-79.9709;39.6458;0
18;-79.9715;39.6460;1
19;-79.9719;39.6467;0
20;-79.9714;39.6460;0
21;-79.9717;39.6465;0
22;-79.9716;39.6461;0
23;-79.9540;39.6392;0
24;-79.9540;39.6392;0
25;-79.9710;39.6451;0
26;-79.9705;39.6449;0
27;-79.9710;39.6451;0
28;-79.9699;39.6447;0
29;-79.9711;39.6451;0
30;-79.9712;39.6452;0
31;-79.9709;39.6451;0
32;-79.9708;39.6451;0
33;-79.9707;39.6452;0
34;-79.9708;39.6452;0
35;-79.9708;39.6453;0
36;-79.9709;39.6453;0
37;-79.9709;39.6454;0
38;-79.9710;39.6454;0
39;-79.9710;39.6455;0
40;-79.9710;39.6456;0
41;-79.9710;39.6457;0
42;-79.9718;39.6462;0
43;-79.9716;39.6460;0
44;-79.9715;39.6461;0
45;-79.9733;39.6475;0
46;-79.9726;39.6469;0
47;88.5555;85.5555;0
48;88.6555;85.5555;1
49;88.7556;85.5556;1
50;88.6556;85.5556;1
51;85.5555;85.0000;20
52;84.5555;85.0000;0
53;82.5555;85.0000;0
54;82.5555;85.7777;0
55;82.5555;85.7776;1
56;39.6460;-79.9716;1
